{
 "cells": [
  {
   "cell_type": "code",
   "execution_count": 9,
   "id": "376b0b40",
   "metadata": {},
   "outputs": [],
   "source": [
    "from sklearn.datasets import make_classification\n",
    "from sklearn. linear_model import LogisticRegression\n",
    "import warnings\n",
    "warnings.filterwarnings('ignore')"
   ]
  },
  {
   "cell_type": "code",
   "execution_count": 10,
   "id": "fc3208dc",
   "metadata": {},
   "outputs": [],
   "source": [
    "x,y=make_classification(n_samples=1000,n_features=10,n_informative=5,n_redundant=5,n_classes=3,random_state=1)"
   ]
  },
  {
   "cell_type": "code",
   "execution_count": 11,
   "id": "f1197d2b",
   "metadata": {},
   "outputs": [],
   "source": [
    "model=LogisticRegression(multi_class='ovr',solver='lbfgs')\n"
   ]
  },
  {
   "cell_type": "code",
   "execution_count": 12,
   "id": "f6adb5bc",
   "metadata": {},
   "outputs": [],
   "source": [
    "from sklearn.model_selection import train_test_split"
   ]
  },
  {
   "cell_type": "code",
   "execution_count": 13,
   "id": "d5282cdf",
   "metadata": {},
   "outputs": [],
   "source": [
    "x_train,x_test,y_train,y_test=train_test_split(x,y,test_size=0.20,random_state=1)"
   ]
  },
  {
   "cell_type": "code",
   "execution_count": 14,
   "id": "b89d1d93",
   "metadata": {},
   "outputs": [
    {
     "data": {
      "text/plain": [
       "((800, 10), (200, 10), (800,), (200,))"
      ]
     },
     "execution_count": 14,
     "metadata": {},
     "output_type": "execute_result"
    }
   ],
   "source": [
    "x_train.shape,x_test.shape,y_train.shape,y_test.shape"
   ]
  },
  {
   "cell_type": "code",
   "execution_count": 15,
   "id": "dde4ccb5",
   "metadata": {},
   "outputs": [
    {
     "data": {
      "text/html": [
       "<style>#sk-container-id-2 {\n",
       "  /* Definition of color scheme common for light and dark mode */\n",
       "  --sklearn-color-text: black;\n",
       "  --sklearn-color-line: gray;\n",
       "  /* Definition of color scheme for unfitted estimators */\n",
       "  --sklearn-color-unfitted-level-0: #fff5e6;\n",
       "  --sklearn-color-unfitted-level-1: #f6e4d2;\n",
       "  --sklearn-color-unfitted-level-2: #ffe0b3;\n",
       "  --sklearn-color-unfitted-level-3: chocolate;\n",
       "  /* Definition of color scheme for fitted estimators */\n",
       "  --sklearn-color-fitted-level-0: #f0f8ff;\n",
       "  --sklearn-color-fitted-level-1: #d4ebff;\n",
       "  --sklearn-color-fitted-level-2: #b3dbfd;\n",
       "  --sklearn-color-fitted-level-3: cornflowerblue;\n",
       "\n",
       "  /* Specific color for light theme */\n",
       "  --sklearn-color-text-on-default-background: var(--sg-text-color, var(--theme-code-foreground, var(--jp-content-font-color1, black)));\n",
       "  --sklearn-color-background: var(--sg-background-color, var(--theme-background, var(--jp-layout-color0, white)));\n",
       "  --sklearn-color-border-box: var(--sg-text-color, var(--theme-code-foreground, var(--jp-content-font-color1, black)));\n",
       "  --sklearn-color-icon: #696969;\n",
       "\n",
       "  @media (prefers-color-scheme: dark) {\n",
       "    /* Redefinition of color scheme for dark theme */\n",
       "    --sklearn-color-text-on-default-background: var(--sg-text-color, var(--theme-code-foreground, var(--jp-content-font-color1, white)));\n",
       "    --sklearn-color-background: var(--sg-background-color, var(--theme-background, var(--jp-layout-color0, #111)));\n",
       "    --sklearn-color-border-box: var(--sg-text-color, var(--theme-code-foreground, var(--jp-content-font-color1, white)));\n",
       "    --sklearn-color-icon: #878787;\n",
       "  }\n",
       "}\n",
       "\n",
       "#sk-container-id-2 {\n",
       "  color: var(--sklearn-color-text);\n",
       "}\n",
       "\n",
       "#sk-container-id-2 pre {\n",
       "  padding: 0;\n",
       "}\n",
       "\n",
       "#sk-container-id-2 input.sk-hidden--visually {\n",
       "  border: 0;\n",
       "  clip: rect(1px 1px 1px 1px);\n",
       "  clip: rect(1px, 1px, 1px, 1px);\n",
       "  height: 1px;\n",
       "  margin: -1px;\n",
       "  overflow: hidden;\n",
       "  padding: 0;\n",
       "  position: absolute;\n",
       "  width: 1px;\n",
       "}\n",
       "\n",
       "#sk-container-id-2 div.sk-dashed-wrapped {\n",
       "  border: 1px dashed var(--sklearn-color-line);\n",
       "  margin: 0 0.4em 0.5em 0.4em;\n",
       "  box-sizing: border-box;\n",
       "  padding-bottom: 0.4em;\n",
       "  background-color: var(--sklearn-color-background);\n",
       "}\n",
       "\n",
       "#sk-container-id-2 div.sk-container {\n",
       "  /* jupyter's `normalize.less` sets `[hidden] { display: none; }`\n",
       "     but bootstrap.min.css set `[hidden] { display: none !important; }`\n",
       "     so we also need the `!important` here to be able to override the\n",
       "     default hidden behavior on the sphinx rendered scikit-learn.org.\n",
       "     See: https://github.com/scikit-learn/scikit-learn/issues/21755 */\n",
       "  display: inline-block !important;\n",
       "  position: relative;\n",
       "}\n",
       "\n",
       "#sk-container-id-2 div.sk-text-repr-fallback {\n",
       "  display: none;\n",
       "}\n",
       "\n",
       "div.sk-parallel-item,\n",
       "div.sk-serial,\n",
       "div.sk-item {\n",
       "  /* draw centered vertical line to link estimators */\n",
       "  background-image: linear-gradient(var(--sklearn-color-text-on-default-background), var(--sklearn-color-text-on-default-background));\n",
       "  background-size: 2px 100%;\n",
       "  background-repeat: no-repeat;\n",
       "  background-position: center center;\n",
       "}\n",
       "\n",
       "/* Parallel-specific style estimator block */\n",
       "\n",
       "#sk-container-id-2 div.sk-parallel-item::after {\n",
       "  content: \"\";\n",
       "  width: 100%;\n",
       "  border-bottom: 2px solid var(--sklearn-color-text-on-default-background);\n",
       "  flex-grow: 1;\n",
       "}\n",
       "\n",
       "#sk-container-id-2 div.sk-parallel {\n",
       "  display: flex;\n",
       "  align-items: stretch;\n",
       "  justify-content: center;\n",
       "  background-color: var(--sklearn-color-background);\n",
       "  position: relative;\n",
       "}\n",
       "\n",
       "#sk-container-id-2 div.sk-parallel-item {\n",
       "  display: flex;\n",
       "  flex-direction: column;\n",
       "}\n",
       "\n",
       "#sk-container-id-2 div.sk-parallel-item:first-child::after {\n",
       "  align-self: flex-end;\n",
       "  width: 50%;\n",
       "}\n",
       "\n",
       "#sk-container-id-2 div.sk-parallel-item:last-child::after {\n",
       "  align-self: flex-start;\n",
       "  width: 50%;\n",
       "}\n",
       "\n",
       "#sk-container-id-2 div.sk-parallel-item:only-child::after {\n",
       "  width: 0;\n",
       "}\n",
       "\n",
       "/* Serial-specific style estimator block */\n",
       "\n",
       "#sk-container-id-2 div.sk-serial {\n",
       "  display: flex;\n",
       "  flex-direction: column;\n",
       "  align-items: center;\n",
       "  background-color: var(--sklearn-color-background);\n",
       "  padding-right: 1em;\n",
       "  padding-left: 1em;\n",
       "}\n",
       "\n",
       "\n",
       "/* Toggleable style: style used for estimator/Pipeline/ColumnTransformer box that is\n",
       "clickable and can be expanded/collapsed.\n",
       "- Pipeline and ColumnTransformer use this feature and define the default style\n",
       "- Estimators will overwrite some part of the style using the `sk-estimator` class\n",
       "*/\n",
       "\n",
       "/* Pipeline and ColumnTransformer style (default) */\n",
       "\n",
       "#sk-container-id-2 div.sk-toggleable {\n",
       "  /* Default theme specific background. It is overwritten whether we have a\n",
       "  specific estimator or a Pipeline/ColumnTransformer */\n",
       "  background-color: var(--sklearn-color-background);\n",
       "}\n",
       "\n",
       "/* Toggleable label */\n",
       "#sk-container-id-2 label.sk-toggleable__label {\n",
       "  cursor: pointer;\n",
       "  display: block;\n",
       "  width: 100%;\n",
       "  margin-bottom: 0;\n",
       "  padding: 0.5em;\n",
       "  box-sizing: border-box;\n",
       "  text-align: center;\n",
       "}\n",
       "\n",
       "#sk-container-id-2 label.sk-toggleable__label-arrow:before {\n",
       "  /* Arrow on the left of the label */\n",
       "  content: \"▸\";\n",
       "  float: left;\n",
       "  margin-right: 0.25em;\n",
       "  color: var(--sklearn-color-icon);\n",
       "}\n",
       "\n",
       "#sk-container-id-2 label.sk-toggleable__label-arrow:hover:before {\n",
       "  color: var(--sklearn-color-text);\n",
       "}\n",
       "\n",
       "/* Toggleable content - dropdown */\n",
       "\n",
       "#sk-container-id-2 div.sk-toggleable__content {\n",
       "  max-height: 0;\n",
       "  max-width: 0;\n",
       "  overflow: hidden;\n",
       "  text-align: left;\n",
       "  /* unfitted */\n",
       "  background-color: var(--sklearn-color-unfitted-level-0);\n",
       "}\n",
       "\n",
       "#sk-container-id-2 div.sk-toggleable__content.fitted {\n",
       "  /* fitted */\n",
       "  background-color: var(--sklearn-color-fitted-level-0);\n",
       "}\n",
       "\n",
       "#sk-container-id-2 div.sk-toggleable__content pre {\n",
       "  margin: 0.2em;\n",
       "  border-radius: 0.25em;\n",
       "  color: var(--sklearn-color-text);\n",
       "  /* unfitted */\n",
       "  background-color: var(--sklearn-color-unfitted-level-0);\n",
       "}\n",
       "\n",
       "#sk-container-id-2 div.sk-toggleable__content.fitted pre {\n",
       "  /* unfitted */\n",
       "  background-color: var(--sklearn-color-fitted-level-0);\n",
       "}\n",
       "\n",
       "#sk-container-id-2 input.sk-toggleable__control:checked~div.sk-toggleable__content {\n",
       "  /* Expand drop-down */\n",
       "  max-height: 200px;\n",
       "  max-width: 100%;\n",
       "  overflow: auto;\n",
       "}\n",
       "\n",
       "#sk-container-id-2 input.sk-toggleable__control:checked~label.sk-toggleable__label-arrow:before {\n",
       "  content: \"▾\";\n",
       "}\n",
       "\n",
       "/* Pipeline/ColumnTransformer-specific style */\n",
       "\n",
       "#sk-container-id-2 div.sk-label input.sk-toggleable__control:checked~label.sk-toggleable__label {\n",
       "  color: var(--sklearn-color-text);\n",
       "  background-color: var(--sklearn-color-unfitted-level-2);\n",
       "}\n",
       "\n",
       "#sk-container-id-2 div.sk-label.fitted input.sk-toggleable__control:checked~label.sk-toggleable__label {\n",
       "  background-color: var(--sklearn-color-fitted-level-2);\n",
       "}\n",
       "\n",
       "/* Estimator-specific style */\n",
       "\n",
       "/* Colorize estimator box */\n",
       "#sk-container-id-2 div.sk-estimator input.sk-toggleable__control:checked~label.sk-toggleable__label {\n",
       "  /* unfitted */\n",
       "  background-color: var(--sklearn-color-unfitted-level-2);\n",
       "}\n",
       "\n",
       "#sk-container-id-2 div.sk-estimator.fitted input.sk-toggleable__control:checked~label.sk-toggleable__label {\n",
       "  /* fitted */\n",
       "  background-color: var(--sklearn-color-fitted-level-2);\n",
       "}\n",
       "\n",
       "#sk-container-id-2 div.sk-label label.sk-toggleable__label,\n",
       "#sk-container-id-2 div.sk-label label {\n",
       "  /* The background is the default theme color */\n",
       "  color: var(--sklearn-color-text-on-default-background);\n",
       "}\n",
       "\n",
       "/* On hover, darken the color of the background */\n",
       "#sk-container-id-2 div.sk-label:hover label.sk-toggleable__label {\n",
       "  color: var(--sklearn-color-text);\n",
       "  background-color: var(--sklearn-color-unfitted-level-2);\n",
       "}\n",
       "\n",
       "/* Label box, darken color on hover, fitted */\n",
       "#sk-container-id-2 div.sk-label.fitted:hover label.sk-toggleable__label.fitted {\n",
       "  color: var(--sklearn-color-text);\n",
       "  background-color: var(--sklearn-color-fitted-level-2);\n",
       "}\n",
       "\n",
       "/* Estimator label */\n",
       "\n",
       "#sk-container-id-2 div.sk-label label {\n",
       "  font-family: monospace;\n",
       "  font-weight: bold;\n",
       "  display: inline-block;\n",
       "  line-height: 1.2em;\n",
       "}\n",
       "\n",
       "#sk-container-id-2 div.sk-label-container {\n",
       "  text-align: center;\n",
       "}\n",
       "\n",
       "/* Estimator-specific */\n",
       "#sk-container-id-2 div.sk-estimator {\n",
       "  font-family: monospace;\n",
       "  border: 1px dotted var(--sklearn-color-border-box);\n",
       "  border-radius: 0.25em;\n",
       "  box-sizing: border-box;\n",
       "  margin-bottom: 0.5em;\n",
       "  /* unfitted */\n",
       "  background-color: var(--sklearn-color-unfitted-level-0);\n",
       "}\n",
       "\n",
       "#sk-container-id-2 div.sk-estimator.fitted {\n",
       "  /* fitted */\n",
       "  background-color: var(--sklearn-color-fitted-level-0);\n",
       "}\n",
       "\n",
       "/* on hover */\n",
       "#sk-container-id-2 div.sk-estimator:hover {\n",
       "  /* unfitted */\n",
       "  background-color: var(--sklearn-color-unfitted-level-2);\n",
       "}\n",
       "\n",
       "#sk-container-id-2 div.sk-estimator.fitted:hover {\n",
       "  /* fitted */\n",
       "  background-color: var(--sklearn-color-fitted-level-2);\n",
       "}\n",
       "\n",
       "/* Specification for estimator info (e.g. \"i\" and \"?\") */\n",
       "\n",
       "/* Common style for \"i\" and \"?\" */\n",
       "\n",
       ".sk-estimator-doc-link,\n",
       "a:link.sk-estimator-doc-link,\n",
       "a:visited.sk-estimator-doc-link {\n",
       "  float: right;\n",
       "  font-size: smaller;\n",
       "  line-height: 1em;\n",
       "  font-family: monospace;\n",
       "  background-color: var(--sklearn-color-background);\n",
       "  border-radius: 1em;\n",
       "  height: 1em;\n",
       "  width: 1em;\n",
       "  text-decoration: none !important;\n",
       "  margin-left: 1ex;\n",
       "  /* unfitted */\n",
       "  border: var(--sklearn-color-unfitted-level-1) 1pt solid;\n",
       "  color: var(--sklearn-color-unfitted-level-1);\n",
       "}\n",
       "\n",
       ".sk-estimator-doc-link.fitted,\n",
       "a:link.sk-estimator-doc-link.fitted,\n",
       "a:visited.sk-estimator-doc-link.fitted {\n",
       "  /* fitted */\n",
       "  border: var(--sklearn-color-fitted-level-1) 1pt solid;\n",
       "  color: var(--sklearn-color-fitted-level-1);\n",
       "}\n",
       "\n",
       "/* On hover */\n",
       "div.sk-estimator:hover .sk-estimator-doc-link:hover,\n",
       ".sk-estimator-doc-link:hover,\n",
       "div.sk-label-container:hover .sk-estimator-doc-link:hover,\n",
       ".sk-estimator-doc-link:hover {\n",
       "  /* unfitted */\n",
       "  background-color: var(--sklearn-color-unfitted-level-3);\n",
       "  color: var(--sklearn-color-background);\n",
       "  text-decoration: none;\n",
       "}\n",
       "\n",
       "div.sk-estimator.fitted:hover .sk-estimator-doc-link.fitted:hover,\n",
       ".sk-estimator-doc-link.fitted:hover,\n",
       "div.sk-label-container:hover .sk-estimator-doc-link.fitted:hover,\n",
       ".sk-estimator-doc-link.fitted:hover {\n",
       "  /* fitted */\n",
       "  background-color: var(--sklearn-color-fitted-level-3);\n",
       "  color: var(--sklearn-color-background);\n",
       "  text-decoration: none;\n",
       "}\n",
       "\n",
       "/* Span, style for the box shown on hovering the info icon */\n",
       ".sk-estimator-doc-link span {\n",
       "  display: none;\n",
       "  z-index: 9999;\n",
       "  position: relative;\n",
       "  font-weight: normal;\n",
       "  right: .2ex;\n",
       "  padding: .5ex;\n",
       "  margin: .5ex;\n",
       "  width: min-content;\n",
       "  min-width: 20ex;\n",
       "  max-width: 50ex;\n",
       "  color: var(--sklearn-color-text);\n",
       "  box-shadow: 2pt 2pt 4pt #999;\n",
       "  /* unfitted */\n",
       "  background: var(--sklearn-color-unfitted-level-0);\n",
       "  border: .5pt solid var(--sklearn-color-unfitted-level-3);\n",
       "}\n",
       "\n",
       ".sk-estimator-doc-link.fitted span {\n",
       "  /* fitted */\n",
       "  background: var(--sklearn-color-fitted-level-0);\n",
       "  border: var(--sklearn-color-fitted-level-3);\n",
       "}\n",
       "\n",
       ".sk-estimator-doc-link:hover span {\n",
       "  display: block;\n",
       "}\n",
       "\n",
       "/* \"?\"-specific style due to the `<a>` HTML tag */\n",
       "\n",
       "#sk-container-id-2 a.estimator_doc_link {\n",
       "  float: right;\n",
       "  font-size: 1rem;\n",
       "  line-height: 1em;\n",
       "  font-family: monospace;\n",
       "  background-color: var(--sklearn-color-background);\n",
       "  border-radius: 1rem;\n",
       "  height: 1rem;\n",
       "  width: 1rem;\n",
       "  text-decoration: none;\n",
       "  /* unfitted */\n",
       "  color: var(--sklearn-color-unfitted-level-1);\n",
       "  border: var(--sklearn-color-unfitted-level-1) 1pt solid;\n",
       "}\n",
       "\n",
       "#sk-container-id-2 a.estimator_doc_link.fitted {\n",
       "  /* fitted */\n",
       "  border: var(--sklearn-color-fitted-level-1) 1pt solid;\n",
       "  color: var(--sklearn-color-fitted-level-1);\n",
       "}\n",
       "\n",
       "/* On hover */\n",
       "#sk-container-id-2 a.estimator_doc_link:hover {\n",
       "  /* unfitted */\n",
       "  background-color: var(--sklearn-color-unfitted-level-3);\n",
       "  color: var(--sklearn-color-background);\n",
       "  text-decoration: none;\n",
       "}\n",
       "\n",
       "#sk-container-id-2 a.estimator_doc_link.fitted:hover {\n",
       "  /* fitted */\n",
       "  background-color: var(--sklearn-color-fitted-level-3);\n",
       "}\n",
       "</style><div id=\"sk-container-id-2\" class=\"sk-top-container\"><div class=\"sk-text-repr-fallback\"><pre>LogisticRegression(multi_class=&#x27;ovr&#x27;)</pre><b>In a Jupyter environment, please rerun this cell to show the HTML representation or trust the notebook. <br />On GitHub, the HTML representation is unable to render, please try loading this page with nbviewer.org.</b></div><div class=\"sk-container\" hidden><div class=\"sk-item\"><div class=\"sk-estimator fitted sk-toggleable\"><input class=\"sk-toggleable__control sk-hidden--visually\" id=\"sk-estimator-id-2\" type=\"checkbox\" checked><label for=\"sk-estimator-id-2\" class=\"sk-toggleable__label fitted sk-toggleable__label-arrow fitted\">&nbsp;&nbsp;LogisticRegression<a class=\"sk-estimator-doc-link fitted\" rel=\"noreferrer\" target=\"_blank\" href=\"https://scikit-learn.org/1.5/modules/generated/sklearn.linear_model.LogisticRegression.html\">?<span>Documentation for LogisticRegression</span></a><span class=\"sk-estimator-doc-link fitted\">i<span>Fitted</span></span></label><div class=\"sk-toggleable__content fitted\"><pre>LogisticRegression(multi_class=&#x27;ovr&#x27;)</pre></div> </div></div></div></div>"
      ],
      "text/plain": [
       "LogisticRegression(multi_class='ovr')"
      ]
     },
     "execution_count": 15,
     "metadata": {},
     "output_type": "execute_result"
    }
   ],
   "source": [
    "model.fit(x_train,y_train)"
   ]
  },
  {
   "cell_type": "code",
   "execution_count": 16,
   "id": "dbd9c0f1",
   "metadata": {},
   "outputs": [],
   "source": [
    "y_pred=model.predict(x_test)\n"
   ]
  },
  {
   "cell_type": "code",
   "execution_count": 17,
   "id": "9f2a77b8",
   "metadata": {},
   "outputs": [
    {
     "data": {
      "text/plain": [
       "array([1, 2, 0, 2, 2, 0, 1, 1, 2, 2, 0, 0, 0, 2, 0, 0, 0, 1, 1, 2, 0, 0,\n",
       "       2, 1, 2, 2, 2, 1, 2, 1, 1, 1, 0, 1, 1, 0, 0, 0, 0, 1, 2, 2, 0, 1,\n",
       "       0, 1, 1, 1, 2, 2, 0, 0, 0, 0, 0, 1, 1, 0, 1, 1, 2, 2, 2, 1, 2, 0,\n",
       "       0, 2, 0, 0, 0, 0, 2, 1, 1, 1, 2, 2, 0, 2, 2, 1, 0, 1, 2, 2, 0, 1,\n",
       "       1, 1, 2, 0, 2, 0, 0, 2, 1, 0, 0, 0, 2, 1, 1, 2, 0, 2, 2, 1, 1, 1,\n",
       "       1, 1, 2, 0, 0, 1, 2, 1, 2, 0, 0, 2, 2, 0, 2, 0, 1, 0, 2, 0, 1, 2,\n",
       "       1, 1, 1, 2, 0, 2, 1, 0, 1, 0, 1, 1, 0, 2, 2, 2, 1, 2, 0, 2, 0, 2,\n",
       "       1, 2, 2, 0, 2, 2, 0, 0, 2, 2, 2, 0, 0, 0, 2, 1, 1, 0, 1, 1, 2, 0,\n",
       "       0, 2, 2, 1, 2, 0, 0, 0, 0, 0, 1, 2, 0, 0, 1, 0, 2, 2, 0, 1, 2, 1,\n",
       "       0, 1])"
      ]
     },
     "execution_count": 17,
     "metadata": {},
     "output_type": "execute_result"
    }
   ],
   "source": [
    "y_pred"
   ]
  },
  {
   "cell_type": "code",
   "execution_count": 18,
   "id": "5a875403",
   "metadata": {},
   "outputs": [
    {
     "data": {
      "text/plain": [
       "array([[3.04704880e-01, 6.11198420e-01, 8.40967001e-02],\n",
       "       [3.36048010e-01, 1.10667687e-01, 5.53284303e-01],\n",
       "       [4.87184351e-01, 2.34718385e-01, 2.78097264e-01],\n",
       "       [4.03608429e-01, 1.14222486e-01, 4.82169085e-01],\n",
       "       [4.31960974e-02, 3.35473983e-01, 6.21329920e-01],\n",
       "       [8.68895815e-01, 8.30920607e-02, 4.80121239e-02],\n",
       "       [1.42182350e-01, 7.48468407e-01, 1.09349243e-01],\n",
       "       [2.67894900e-01, 4.47668705e-01, 2.84436396e-01],\n",
       "       [6.27390827e-02, 8.54786740e-02, 8.51782243e-01],\n",
       "       [2.86708642e-02, 1.45095850e-01, 8.26233286e-01],\n",
       "       [5.18946027e-01, 3.64417780e-01, 1.16636193e-01],\n",
       "       [6.53383641e-01, 5.56859852e-02, 2.90930374e-01],\n",
       "       [4.91674051e-01, 1.16022369e-01, 3.92303580e-01],\n",
       "       [2.11392690e-02, 2.34582575e-01, 7.44278156e-01],\n",
       "       [5.16338882e-01, 1.37251896e-01, 3.46409222e-01],\n",
       "       [6.21596238e-01, 1.78574845e-02, 3.60546278e-01],\n",
       "       [5.12107125e-01, 4.80648114e-01, 7.24476003e-03],\n",
       "       [2.87259801e-03, 6.29791416e-01, 3.67335986e-01],\n",
       "       [4.62335436e-02, 8.89630054e-01, 6.41364029e-02],\n",
       "       [8.12500689e-02, 4.26566293e-01, 4.92183638e-01],\n",
       "       [7.02524216e-01, 1.18057901e-01, 1.79417883e-01],\n",
       "       [5.10334682e-01, 4.20674003e-01, 6.89913143e-02],\n",
       "       [3.71114391e-02, 5.01019382e-02, 9.12786623e-01],\n",
       "       [2.47015083e-01, 7.06394730e-01, 4.65901863e-02],\n",
       "       [4.22639529e-02, 2.07130973e-01, 7.50605074e-01],\n",
       "       [7.07995648e-02, 2.18976722e-01, 7.10223713e-01],\n",
       "       [3.44987633e-03, 4.13820629e-01, 5.82729495e-01],\n",
       "       [4.96374532e-01, 4.97762955e-01, 5.86251305e-03],\n",
       "       [7.37961030e-02, 4.04824685e-01, 5.21379212e-01],\n",
       "       [2.67988002e-01, 7.02881006e-01, 2.91309922e-02],\n",
       "       [3.82605409e-02, 8.39191756e-01, 1.22547703e-01],\n",
       "       [2.72330090e-01, 6.66178697e-01, 6.14912123e-02],\n",
       "       [6.19213233e-01, 2.45487339e-02, 3.56238033e-01],\n",
       "       [1.73743796e-04, 6.01393115e-01, 3.98433141e-01],\n",
       "       [3.33573658e-01, 6.36207474e-01, 3.02188679e-02],\n",
       "       [6.07735180e-01, 2.47908500e-01, 1.44356320e-01],\n",
       "       [6.57528620e-01, 7.16382895e-03, 3.35307551e-01],\n",
       "       [4.47358060e-01, 3.66706168e-01, 1.85935772e-01],\n",
       "       [6.32177533e-01, 9.44641052e-02, 2.73358361e-01],\n",
       "       [4.12071744e-01, 5.76960160e-01, 1.09680961e-02],\n",
       "       [1.62975445e-02, 4.06984644e-01, 5.76717811e-01],\n",
       "       [2.79972038e-01, 7.58997859e-02, 6.44128176e-01],\n",
       "       [4.72933937e-01, 7.10657521e-02, 4.56000311e-01],\n",
       "       [3.26514282e-01, 4.84747471e-01, 1.88738247e-01],\n",
       "       [6.92940073e-01, 7.29471176e-02, 2.34112809e-01],\n",
       "       [1.84777314e-01, 7.18746195e-01, 9.64764907e-02],\n",
       "       [2.33474775e-01, 5.84238121e-01, 1.82287104e-01],\n",
       "       [2.76469507e-01, 6.93472322e-01, 3.00581711e-02],\n",
       "       [1.51633389e-01, 1.00900120e-01, 7.47466491e-01],\n",
       "       [1.43301303e-01, 4.81949703e-02, 8.08503727e-01],\n",
       "       [5.92610281e-01, 1.02023337e-01, 3.05366381e-01],\n",
       "       [5.75174958e-01, 1.32445265e-03, 4.23500590e-01],\n",
       "       [6.05351708e-01, 1.35831352e-03, 3.93289978e-01],\n",
       "       [4.56991876e-01, 2.88500075e-01, 2.54508048e-01],\n",
       "       [8.55875532e-01, 7.21663243e-02, 7.19581437e-02],\n",
       "       [4.03756784e-01, 4.46457644e-01, 1.49785572e-01],\n",
       "       [3.63001741e-01, 5.54996535e-01, 8.20017234e-02],\n",
       "       [4.24445347e-01, 2.62363630e-01, 3.13191023e-01],\n",
       "       [2.33158513e-01, 5.04654286e-01, 2.62187201e-01],\n",
       "       [1.03881265e-01, 8.67279192e-01, 2.88395432e-02],\n",
       "       [3.08713082e-01, 1.27424942e-01, 5.63861977e-01],\n",
       "       [1.17727098e-01, 3.44302071e-01, 5.37970832e-01],\n",
       "       [8.13776286e-02, 7.94935397e-02, 8.39128832e-01],\n",
       "       [6.19709407e-02, 9.17742495e-01, 2.02865644e-02],\n",
       "       [2.92661118e-01, 5.57369412e-02, 6.51601941e-01],\n",
       "       [5.80392326e-01, 1.04938480e-01, 3.14669194e-01],\n",
       "       [3.82951722e-01, 3.35932346e-01, 2.81115933e-01],\n",
       "       [2.99304864e-01, 8.72919959e-02, 6.13403140e-01],\n",
       "       [7.98827430e-01, 6.44646924e-02, 1.36707877e-01],\n",
       "       [5.92136960e-01, 3.16573562e-02, 3.76205683e-01],\n",
       "       [4.60459396e-01, 1.54410527e-01, 3.85130077e-01],\n",
       "       [6.07134241e-01, 1.70814197e-02, 3.75784340e-01],\n",
       "       [4.98160190e-02, 3.15053816e-01, 6.35130165e-01],\n",
       "       [3.29872424e-01, 4.13203404e-01, 2.56924172e-01],\n",
       "       [8.71197020e-02, 8.71747497e-01, 4.11328006e-02],\n",
       "       [2.26817101e-01, 6.94159977e-01, 7.90229226e-02],\n",
       "       [2.87806438e-01, 1.26503909e-01, 5.85689653e-01],\n",
       "       [4.52984770e-01, 7.79252750e-02, 4.69089955e-01],\n",
       "       [5.10970767e-01, 4.59427558e-01, 2.96016753e-02],\n",
       "       [6.42946875e-03, 2.77788305e-01, 7.15782226e-01],\n",
       "       [3.26035865e-01, 4.22695126e-02, 6.31694623e-01],\n",
       "       [4.72111284e-04, 7.31299942e-01, 2.68227947e-01],\n",
       "       [4.35568286e-01, 3.79877313e-01, 1.84554402e-01],\n",
       "       [7.64765148e-02, 9.08754158e-01, 1.47693274e-02],\n",
       "       [1.22794222e-01, 2.59448868e-01, 6.17756910e-01],\n",
       "       [4.12302881e-02, 3.84628805e-01, 5.74140907e-01],\n",
       "       [4.02194951e-01, 2.45203492e-01, 3.52601557e-01],\n",
       "       [2.85205141e-01, 6.47924129e-01, 6.68707294e-02],\n",
       "       [3.20588745e-01, 6.47900254e-01, 3.15110014e-02],\n",
       "       [5.25821792e-03, 7.88401247e-01, 2.06340535e-01],\n",
       "       [1.22251787e-01, 2.83759668e-01, 5.93988545e-01],\n",
       "       [5.92687894e-01, 6.98542908e-02, 3.37457815e-01],\n",
       "       [1.52751610e-02, 2.84271500e-01, 7.00453339e-01],\n",
       "       [4.69423639e-01, 8.91432909e-02, 4.41433070e-01],\n",
       "       [4.37120022e-01, 3.27514659e-01, 2.35365319e-01],\n",
       "       [2.56572686e-02, 3.54195903e-01, 6.20146828e-01],\n",
       "       [3.47995479e-01, 4.87973326e-01, 1.64031195e-01],\n",
       "       [5.98616120e-01, 1.13718778e-01, 2.87665103e-01],\n",
       "       [5.17437330e-01, 2.07289227e-02, 4.61833747e-01],\n",
       "       [5.33317787e-01, 3.82486891e-02, 4.28433524e-01],\n",
       "       [1.04151386e-01, 3.34387068e-01, 5.61461546e-01],\n",
       "       [8.10007049e-02, 6.51322856e-01, 2.67676439e-01],\n",
       "       [1.07518014e-01, 7.82979933e-01, 1.09502053e-01],\n",
       "       [7.19488501e-02, 1.15855153e-01, 8.12195997e-01],\n",
       "       [6.26461337e-01, 1.85021772e-02, 3.55036485e-01],\n",
       "       [4.67813121e-02, 1.46284100e-01, 8.06934588e-01],\n",
       "       [3.07736237e-02, 1.94395950e-01, 7.74830426e-01],\n",
       "       [2.54950018e-01, 6.14092969e-01, 1.30957013e-01],\n",
       "       [1.03805291e-02, 8.99523437e-01, 9.00960341e-02],\n",
       "       [5.82400293e-03, 5.08607646e-01, 4.85568351e-01],\n",
       "       [3.54461387e-02, 8.98959622e-01, 6.55942391e-02],\n",
       "       [5.02627895e-02, 9.01273236e-01, 4.84639741e-02],\n",
       "       [4.52579174e-02, 2.16463960e-01, 7.38278123e-01],\n",
       "       [6.46035314e-01, 7.89237217e-02, 2.75040965e-01],\n",
       "       [7.76673366e-01, 4.87053246e-02, 1.74621310e-01],\n",
       "       [4.35653634e-01, 5.56462276e-01, 7.88408965e-03],\n",
       "       [2.91186319e-02, 1.77388701e-01, 7.93492667e-01],\n",
       "       [2.78429566e-01, 3.99494440e-01, 3.22075994e-01],\n",
       "       [3.18321993e-01, 1.34142316e-01, 5.47535691e-01],\n",
       "       [6.08800850e-01, 3.83701289e-02, 3.52829021e-01],\n",
       "       [6.12650748e-01, 2.38127302e-01, 1.49221950e-01],\n",
       "       [2.94270085e-02, 1.69185024e-01, 8.01387968e-01],\n",
       "       [1.11312052e-01, 1.81459824e-01, 7.07228124e-01],\n",
       "       [6.30331260e-01, 6.18566940e-03, 3.63483070e-01],\n",
       "       [3.96440826e-02, 2.09640427e-01, 7.50715491e-01],\n",
       "       [5.91213488e-01, 1.41838589e-01, 2.66947923e-01],\n",
       "       [1.17879620e-01, 8.46491225e-01, 3.56291544e-02],\n",
       "       [4.29651538e-01, 2.79142054e-01, 2.91206407e-01],\n",
       "       [2.08967941e-02, 3.89990355e-01, 5.89112851e-01],\n",
       "       [4.76485975e-01, 4.73305393e-01, 5.02086326e-02],\n",
       "       [4.46508051e-01, 4.94548844e-01, 5.89431053e-02],\n",
       "       [2.08729186e-01, 1.87338698e-01, 6.03932116e-01],\n",
       "       [8.57629010e-02, 4.62994036e-01, 4.51243063e-01],\n",
       "       [2.63120829e-01, 5.49585604e-01, 1.87293567e-01],\n",
       "       [1.84083230e-01, 6.97541725e-01, 1.18375045e-01],\n",
       "       [4.83542757e-02, 4.51611232e-01, 5.00034493e-01],\n",
       "       [6.14202676e-01, 1.44632300e-01, 2.41165024e-01],\n",
       "       [2.80115018e-01, 1.18376168e-01, 6.01508814e-01],\n",
       "       [3.68341641e-01, 6.18423851e-01, 1.32345080e-02],\n",
       "       [5.70695953e-01, 7.30011528e-02, 3.56302895e-01],\n",
       "       [2.37014964e-01, 6.32473189e-01, 1.30511848e-01],\n",
       "       [5.42410400e-01, 1.01806840e-02, 4.47408916e-01],\n",
       "       [6.75722091e-02, 8.62406674e-01, 7.00211171e-02],\n",
       "       [1.93350699e-01, 4.68533739e-01, 3.38115562e-01],\n",
       "       [7.41203354e-01, 3.48237761e-02, 2.23972870e-01],\n",
       "       [3.36139414e-02, 4.36634594e-01, 5.29751464e-01],\n",
       "       [7.94704686e-02, 1.35851740e-01, 7.84677791e-01],\n",
       "       [2.37774793e-01, 9.97887054e-02, 6.62436502e-01],\n",
       "       [2.39422539e-01, 6.18365759e-01, 1.42211703e-01],\n",
       "       [2.63309469e-01, 1.35323725e-02, 7.23158158e-01],\n",
       "       [6.81959452e-01, 8.58756294e-02, 2.32164919e-01],\n",
       "       [5.49550789e-03, 3.06947283e-01, 6.87557210e-01],\n",
       "       [5.02255945e-01, 1.78736121e-01, 3.19007933e-01],\n",
       "       [1.15672917e-01, 8.82447973e-02, 7.96082286e-01],\n",
       "       [6.62950363e-02, 6.49586893e-01, 2.84118070e-01],\n",
       "       [1.74482019e-01, 3.86507043e-01, 4.39010938e-01],\n",
       "       [4.49389070e-01, 9.26634128e-02, 4.57947517e-01],\n",
       "       [8.16951657e-01, 5.13852026e-02, 1.31663140e-01],\n",
       "       [2.13459201e-01, 3.52641325e-01, 4.33899474e-01],\n",
       "       [1.96193876e-01, 7.88310325e-02, 7.24975091e-01],\n",
       "       [5.96877229e-01, 1.85820460e-01, 2.17302310e-01],\n",
       "       [6.48007582e-01, 1.54900769e-01, 1.97091649e-01],\n",
       "       [3.27729967e-01, 3.23284430e-02, 6.39941590e-01],\n",
       "       [1.18891963e-02, 1.08359394e-01, 8.79751410e-01],\n",
       "       [8.70094718e-02, 9.93641777e-02, 8.13626350e-01],\n",
       "       [6.79932982e-01, 4.89559132e-02, 2.71111105e-01],\n",
       "       [5.22213638e-01, 9.65155294e-02, 3.81270832e-01],\n",
       "       [5.84904238e-01, 1.35169078e-01, 2.79926684e-01],\n",
       "       [6.37428440e-02, 3.20131702e-01, 6.16125454e-01],\n",
       "       [1.81618763e-01, 8.01235753e-01, 1.71454834e-02],\n",
       "       [6.99602688e-04, 6.93856601e-01, 3.05443796e-01],\n",
       "       [5.69712309e-01, 1.33338681e-01, 2.96949010e-01],\n",
       "       [3.41958459e-01, 6.13050834e-01, 4.49907070e-02],\n",
       "       [1.41001983e-01, 5.71088063e-01, 2.87909954e-01],\n",
       "       [1.06798282e-02, 4.53951360e-01, 5.35368812e-01],\n",
       "       [6.45294742e-01, 3.35490636e-01, 1.92146222e-02],\n",
       "       [3.90286709e-01, 2.79394788e-01, 3.30318503e-01],\n",
       "       [4.94022782e-02, 3.72068864e-01, 5.78528858e-01],\n",
       "       [1.96421672e-01, 2.08945586e-01, 5.94632742e-01],\n",
       "       [1.05858166e-01, 7.44702454e-01, 1.49439380e-01],\n",
       "       [2.48590982e-01, 1.64987786e-02, 7.34910239e-01],\n",
       "       [4.92905671e-01, 2.54051289e-01, 2.53043041e-01],\n",
       "       [6.87337898e-01, 1.18096909e-01, 1.94565193e-01],\n",
       "       [6.61392672e-01, 3.88626665e-02, 2.99744661e-01],\n",
       "       [6.80888264e-01, 1.89056444e-01, 1.30055292e-01],\n",
       "       [5.87652171e-01, 2.16802117e-01, 1.95545713e-01],\n",
       "       [2.54104878e-01, 6.56219265e-01, 8.96758571e-02],\n",
       "       [2.11259142e-01, 2.28065414e-01, 5.60675444e-01],\n",
       "       [4.72830326e-01, 5.46071613e-02, 4.72562512e-01],\n",
       "       [6.99859174e-01, 7.09880120e-02, 2.29152814e-01],\n",
       "       [2.23426366e-01, 4.93486285e-01, 2.83087349e-01],\n",
       "       [5.16464101e-01, 2.50549338e-01, 2.32986562e-01],\n",
       "       [3.29697630e-02, 4.59071194e-01, 5.07959043e-01],\n",
       "       [3.73239111e-01, 1.70755871e-01, 4.56005018e-01],\n",
       "       [3.75974876e-01, 3.66998120e-01, 2.57027005e-01],\n",
       "       [2.56873807e-01, 7.21422757e-01, 2.17034366e-02],\n",
       "       [7.33137910e-02, 2.83676446e-01, 6.43009762e-01],\n",
       "       [3.51997495e-01, 5.23394149e-01, 1.24608355e-01],\n",
       "       [4.69609871e-01, 3.28943109e-01, 2.01447020e-01],\n",
       "       [1.49432775e-01, 6.84992914e-01, 1.65574311e-01]])"
      ]
     },
     "execution_count": 18,
     "metadata": {},
     "output_type": "execute_result"
    }
   ],
   "source": [
    "model.predict_proba(x_test)"
   ]
  },
  {
   "cell_type": "code",
   "execution_count": 19,
   "id": "648802e7",
   "metadata": {},
   "outputs": [],
   "source": [
    "from sklearn.metrics import confusion_matrix,accuracy_score,classification_report"
   ]
  },
  {
   "cell_type": "code",
   "execution_count": 20,
   "id": "06ddcaa5",
   "metadata": {},
   "outputs": [
    {
     "name": "stdout",
     "output_type": "stream",
     "text": [
      "[[46 14  0]\n",
      " [ 9 37 16]\n",
      " [17 10 51]]\n"
     ]
    }
   ],
   "source": [
    "print(confusion_matrix(y_test,y_pred))"
   ]
  },
  {
   "cell_type": "code",
   "execution_count": 21,
   "id": "2ddd89ce",
   "metadata": {},
   "outputs": [
    {
     "name": "stdout",
     "output_type": "stream",
     "text": [
      "0.67\n"
     ]
    }
   ],
   "source": [
    "print(accuracy_score(y_test,y_pred))"
   ]
  },
  {
   "cell_type": "code",
   "execution_count": 22,
   "id": "dfbdc869",
   "metadata": {},
   "outputs": [
    {
     "name": "stdout",
     "output_type": "stream",
     "text": [
      "              precision    recall  f1-score   support\n",
      "\n",
      "           0       0.64      0.77      0.70        60\n",
      "           1       0.61      0.60      0.60        62\n",
      "           2       0.76      0.65      0.70        78\n",
      "\n",
      "    accuracy                           0.67       200\n",
      "   macro avg       0.67      0.67      0.67       200\n",
      "weighted avg       0.68      0.67      0.67       200\n",
      "\n"
     ]
    }
   ],
   "source": [
    "print(classification_report(y_test,y_pred))"
   ]
  },
  {
   "cell_type": "markdown",
   "id": "8b3d2fdd",
   "metadata": {},
   "source": [
    "# Multinomial"
   ]
  },
  {
   "cell_type": "code",
   "execution_count": 23,
   "id": "66955cc0",
   "metadata": {},
   "outputs": [],
   "source": [
    "model=LogisticRegression(multi_class='multinomial',solver='lbfgs')"
   ]
  },
  {
   "cell_type": "code",
   "execution_count": 24,
   "id": "a75ea086",
   "metadata": {},
   "outputs": [
    {
     "data": {
      "text/html": [
       "<style>#sk-container-id-3 {\n",
       "  /* Definition of color scheme common for light and dark mode */\n",
       "  --sklearn-color-text: black;\n",
       "  --sklearn-color-line: gray;\n",
       "  /* Definition of color scheme for unfitted estimators */\n",
       "  --sklearn-color-unfitted-level-0: #fff5e6;\n",
       "  --sklearn-color-unfitted-level-1: #f6e4d2;\n",
       "  --sklearn-color-unfitted-level-2: #ffe0b3;\n",
       "  --sklearn-color-unfitted-level-3: chocolate;\n",
       "  /* Definition of color scheme for fitted estimators */\n",
       "  --sklearn-color-fitted-level-0: #f0f8ff;\n",
       "  --sklearn-color-fitted-level-1: #d4ebff;\n",
       "  --sklearn-color-fitted-level-2: #b3dbfd;\n",
       "  --sklearn-color-fitted-level-3: cornflowerblue;\n",
       "\n",
       "  /* Specific color for light theme */\n",
       "  --sklearn-color-text-on-default-background: var(--sg-text-color, var(--theme-code-foreground, var(--jp-content-font-color1, black)));\n",
       "  --sklearn-color-background: var(--sg-background-color, var(--theme-background, var(--jp-layout-color0, white)));\n",
       "  --sklearn-color-border-box: var(--sg-text-color, var(--theme-code-foreground, var(--jp-content-font-color1, black)));\n",
       "  --sklearn-color-icon: #696969;\n",
       "\n",
       "  @media (prefers-color-scheme: dark) {\n",
       "    /* Redefinition of color scheme for dark theme */\n",
       "    --sklearn-color-text-on-default-background: var(--sg-text-color, var(--theme-code-foreground, var(--jp-content-font-color1, white)));\n",
       "    --sklearn-color-background: var(--sg-background-color, var(--theme-background, var(--jp-layout-color0, #111)));\n",
       "    --sklearn-color-border-box: var(--sg-text-color, var(--theme-code-foreground, var(--jp-content-font-color1, white)));\n",
       "    --sklearn-color-icon: #878787;\n",
       "  }\n",
       "}\n",
       "\n",
       "#sk-container-id-3 {\n",
       "  color: var(--sklearn-color-text);\n",
       "}\n",
       "\n",
       "#sk-container-id-3 pre {\n",
       "  padding: 0;\n",
       "}\n",
       "\n",
       "#sk-container-id-3 input.sk-hidden--visually {\n",
       "  border: 0;\n",
       "  clip: rect(1px 1px 1px 1px);\n",
       "  clip: rect(1px, 1px, 1px, 1px);\n",
       "  height: 1px;\n",
       "  margin: -1px;\n",
       "  overflow: hidden;\n",
       "  padding: 0;\n",
       "  position: absolute;\n",
       "  width: 1px;\n",
       "}\n",
       "\n",
       "#sk-container-id-3 div.sk-dashed-wrapped {\n",
       "  border: 1px dashed var(--sklearn-color-line);\n",
       "  margin: 0 0.4em 0.5em 0.4em;\n",
       "  box-sizing: border-box;\n",
       "  padding-bottom: 0.4em;\n",
       "  background-color: var(--sklearn-color-background);\n",
